20357
7070
31913
14262
8563
13120
29117
30663
2457
28413
6707
17054
22183
4186
26827
23054
13557
31962
11592
3544
14349
12660
2586
27331
7529
2628
27963
24559
11390
12929
4183
20070
22521
20655
17455
14068
1096
17174
2879
31289
5980
114
18334
24316
13741
28908
39
21186
20607
21321
214
6303
26980
610
23156
23117
12035
11988
1399
20347
22295
24824
11300
28519
22971
22294
24566
24751
29156
5077
15939
7013
1839
12534
18461
29025
25821
19010
29047
28891
25115
5313
11144
21817
24455
30253
28277
31269
15857
12454
1578
1251
12894
30375
9864
14305
6995
31545
2758
9360
15184
21095
9233
12147
31898
13809
7030
6774
8765
581
11010
2432
2642
32682
4648
13643
25982
19391
10594
16500
1979
30500
22811
25294
13915
11127
30669
24316
5962
28034
21351
30271
9619
20402
27121
20108
20261
10443
5490
32482
8152
8923
12050
13786
7595
13933
28028
11904
14927
26110
646
26465
32234
19893
15380
20453
20245
23374
11321
24543
31782
16984
7328
19811
27061
160
20779
21720
2649
1773
24025
18253
947
23021
5101
21265
9390
16240
19021
14973
4356
19412
1320
27925
17925
25536
16603
14032
23700
1558
25622
31155
11378
29218
7482
9636
13503
32280
12038
25214
28093
12733
28787
8289
26584
31076
988
588
23523
1308
2402
22253
4261
10280
20623
5047
14740
19631
19770
1590
13024
20405
21418
12191
16051
22858
24574
32428
10168
1281
27851
23462
27866
28324
7432
15043
23118
30502
15655
10419
13267
21977
24453
1398
21560
18913
6148
24944
26143
32745
6902
12479
6658
21
17214
18636
32115
14391
17329
23584
22440
30277
1987
26746
12086
26379
1887
19230
23837
27933
4630
28527
20741
25616
21884
19392
27335
9193
8911
8296
3375
22742
14298
11540
19969
796
3865
20578
26425
13137
31518
17835
19863
22219
4403
29983
4187
10328
10049
2584
26190
6447
26865
17320
3073
17959
18448
13172
22361
19751
19512
24262
9291
5854
1453
30173
32485
26804
10117
5512
11918
21248
3340
18163
1678
20347
11878
12736
8145
9205
18550
13401
24551
23878
15359
22149
29008
30344
26633
19002
4343
131
903
28339
21756
23913
14902
2497
20662
25796
4296
11110
14841
940
21570
28576
29588
11581
6307
4739
8478
12104
2758
2698
10227
16201
6537
7471
16761
21401
14895
8633
680
7397
19459
26198
31945
13279
24382
27497
23421
20275
25387
26917
9218
5565
32649
21339
31154
24825
7473
20368
3020
955
25081
20819
4215
26912
9175
20686
28932
8132
5962
20378
2932
9525
15605
8152
11578
1448
21133
8573
11074
9195
19190
27117
15153
15771
4521
2508
29167
32663
7513
25872
2915
16052
5590
20827
24445
10419
4401
28297
10362
368
11297
28036
32355
16475
421
14688
11223
8748
17899
13988
16395
723
2161
3301
527
5038
24938
11930
10579
16895
3683
4907
32617
24989
16934
22347
20236
28650
11231
14216
17506
772
31101
6432
8830
14656
22875
5399
29225
15572
16160
14726
3554
12243
28644
30006
12067
5215
6548
24941
24806
1306
31127
24072
31592
20957
22193
13258
3373
21677
21032
12532
21828
4842
21542
29718
13004
32458
5983
22820
11703
27910
6131
15564
31950
4819
27030
2567
11509
8212
14574
17903
19889
18894
31804
3536
18151
22748
5951
15233
15335
4324
30294
9205
8104
905
25828
9229
24149
9186
8952
28592
16393
11819
32302
22302
26840
14267
29136
30337
6670
31542
4673
966
6331
13572
18332
11946
23919
9218
7064
18200
28994
631
7855
7602
7191
2889
10367
21166
18466
24433
30576
1763
16040
24492
29591
8995
8710
20083
6362
10700
18677
20014
19541
18074
24332
4005
8445
4287
28295
17591
20355
13110
14150
11086
25980
28500
30489
17554
28606
11680
1850
3165
9229
4324
29467
17647
19959
16260
27746
10980
764
22287
16434
9571
25074
15892
12717
18071
25000
18487
23991
12387
29386
24707
3068
12625
30980
11778
4404
11724
24426
26251
9894
10640
19480
17372
23274
1374
14101
20201
32756
17652
26750
30067
14926
28988
8672
7643
5541
27332
30437
11577
17031
16494
6451
13225
24939
24169
7057
13029
32498
10591
28747
13081
9580
23024
9944
6642
10142
11360
11451
30712
2243
14476
5543
16415
9680
1571
12006
7576
1020
12562
25084
23533
26752
12864
10887
5453
7579
8316
9065
6949
2266
32180
28457
19696
30358
25703
32663
20815
16062
10588
175
25948
9943
17813
27328
13883
9536
7295
32718
30963
27067
29291
14388
13436
20265
10049
25229
29210
6805
2419
31445
18409
11124
21809
31948
29112
299
13276
13723
27674
14802
20412
22714
17851
28216
20469
23569
6897
3879
20663
24414
28563
10217
11190
8918
23310
10762
9434
20751
15029
9824
20279
8221
24153
5961
15935
3580
25370
8244
22326
15406
12412
26211
22247
11940
19390
26351
24470
29154
30055
28172
9013
27743
17697
5006
32219
24362
14282
24748
5233
22995
25545
772
19375
9609
18334
12512
11079
27520
26301
8888
351
6806
10397
17912
23109
20533
11788
3330
8286
18555
4293
119
30816
6552
16708
30131
11713
15992
30425
3734
17264
13475
26108
26250
31938
12641
12512
4289
29359
12833
17995
19391
2366
27675
8868
3609
22846
24373
10062
20604
25143
4131
31796
14576
6304
11731
12197
2910
9298
9736
2147
848
25405
27973
15862
31481
1114
32236
2886
885
20192
21159
20329
21074
27067
24583
12474
10318
14138
20843
30251
5474
6408
3364
2780
15872
12381
17366
24556
1434
28277
3873
8335
16995
2370
25473
27744
24153
10334
22899
3065
2435
24131
4570
21441
24951
16830
14752
10502
12832
15265
28832
23884
13246
23737
6084
21476
27182
20479
19050
9664
2412
15634
1805
14213
854
12005
19233
30178
8883
21173
9790
11297
22387
9023
2177
10491
6200
21551
20528
9649
32022
4571
23196
9048
30615
26929
7244
12916
19459
27630
1111
22729
12254
25874
12050
2414
12721
12688
11243
25379
19982
4425
23189
10468
21966
1083
9062
10431
2461
2038
3837
1250
3769
18768
295
4856
8438
7770
6916
17846
9734
23699
2149
21680
1527
24411
15481
5746
27901
21162
25001
16588
23154
5633
192
877
8475
19361
9039
12467
15533
26620
30032
26818
8335
21865
10761
31444
25570
27
10291
28880
28351
24148
16732
31005
3263
18646
30858
8888
2241
14235
7201
8068
13799
14021
14086
226
2530
10200
7429
8834
11376
8999
5744
14201
8226
3468
28425
11667
26723
13916
27682
23274
20662
4506
28163
10679
14655
25195
16524
13929
3205
27082
24348
5108
17014
28029
12209
10860
5292
11080
31056
25554
18414
3168
6567
6958
12026
11554
15857
477
19073
3333
8986
28461
10868
31438
8483
20007
29822
4355
1481
7596
13266
22177
609
14020
22054
22545
12551
19762
31231
19545
29943
24140
29232
6800
14907
521
8861
21396
22663
21084
6725
29695
7521
23744
3712
598
16772
21012
7044
23940
19847
26794
28206
20359
12730
9371
15104
14442
5457
31325
9830
25971
8388
32663
573
26781
18293
7731
1173
1096
21652
32181
23478
32560
16191
5836
17250
29852
2542
9511
32602
29912
12559
27530
24356
2532
27885
32289
12042
29806
19158
1812
14950
13566
24957
14683
17181
13681
9373
26068
4714
9896
7135
26259
1757
26241
254
21625
17315
518
2345
15112
25863
10213
23977
15989
24121
7969
1987
26623
25678
5638
21472
3200
2697
23906
28651
322
29657
25586
18683
4883
15778
1563
27698
29596
1984
1498
28389
4334
15818
16126
8700
2910
1427
27541
5276
15763
30455
3236
10756
2781
212
19227
18101
26568
8022
25863
22742
20722
18296
31498
16342
9241
11207
21000
22355
3960
15977
23844
10555
2900
5215
9195
2865
4562
3591
22734
11058
2315
26853
13270
20344
4962
7842
26003
19870
14870
13653
13910
32006
9747
25858
9632
10360
23310
13920
7641
17163
10448
32480
4165
25673
18130
24042
3381
20366
19979
8042
11386
2737
1286
10123
23071
18406
12855
19394
23384
9955
26767
15631
8117
4418
590
26496
12955
13863
15897
27382
24821
26914
12876
4395
26407
26711
2705
25844
15171
19932
17330
20164
18304
12386
22955
23154
10472
14104
7172
2620
18000
9420
7261
23307
21389
7763
27467
24057
5349
12332
5986
2832
30404
22368
8851
12628
19888
4524
25017
10244
21119
14562
31342
9502
11976
11661
29475
23841
11671
5332
2416
20502
25701
11681
17064
26577
26695
258
27313
19317
25445
29135
29970
3126
7854
28557
29774
3939
21450
20626
7025
22947
23376
5994
32232
8063
2874
10106
405
16160
22934
11491
14115
1882
6014
15273
3223
28650
22601
27157
3624
9980
22787
27223
10577
6129
31771
26480
9764
20318
11612
10575
19169
24664
16926
17466
24007
12015
10686
22384
31018
17400
587
7949
26054
3600
25986
23853
28499
13277
509
24148
26458
23447
21671
7438
19014
3015
5747
18642
15038
2383
12878
13356
18226
22187
22354
28188
11700
14454
31548
2745
4618
25392
24864
24345
23041
13886
30811
13429
9220
10290
10186
13961
3052
18509
22841
8506
12826
31042
22814
29051
14531
18749
24200
7537
11148
2852
20306
6101
1367
5405
5276
8859
18524
18512
4987
13521
23675
17902
7664
30665
10192
30066
28695
8058
5513
16423
3489
8740
32500
9706
4996
4915
10972
3889
20977
9574
22294
76
17031
6192
87
4587
11974
5215
23625
21217
6854
15355
14813
30503
18473
29041
15330
30756
25934
6640
8663
2603
15559
24340
4861
2886
30990
13250
8113
20274
20595
8275
27897
27818
11609
6644
15965
28649
9890
26956
20984
5738
23656
25696
17102
30706
3310
32692
25952
16592
30166
31411
21118
24931
21908
11089
5213
22238
8482
11503
10729
29000
16885
30335
21596
15047
28721
7144
25360
25629
32025
16044
29073
23155
8649
29128
19447
27222
9767
5340
28019
5119
29719
27275
19751
29911
27374
28197
27963
27194
1834
11395
24621
20859
12896
9267
14440
2345
20341
28886
5657
6033
22289
17861
18238
6788
6225
31739
11775
25691
29116
14127
24898
27191
5753
26176
15226
26510
13247
8918
19391
23267
2700
13383
23844
16340
20890
14775
2117
10842
29583
16260
799
10061
32115
17377
8997
1574
20840
28352
17808
28681
29077
246
4598
28675
30564
16025
19230
20624
2797
22701
8723
29280
28338
6656
16247
90
29580
23379
30490
9442
26853
698
22987
9303
23848
4678
6510
224
17014
2528
29519
2921
19355
8312
5302
1512
5440
6240
11708
15077
28513
13042
9820
11833
23298
1913
10701
19222
4126
16719
31759
13127
8161
2370
19909
5049
1815
7740
578
8763
17635
24868
7142
10370
18868
22527
17067
16496
21109
27739
6395
9622
1028
26861
21189
16375
23270
31353
17103
19470
17209
14322
21070
17427
27881
30179
5812
28283
12327
26893
31177
13758
5655
23633
10237
11612
22985
32209
14588
26658
30059
1875
18052
937
4029
17894
25971
3361
24005
17607
13605
9036
19651
8069
30972
31181
2151
16228
28736
8611
12610
2047
24618
15089
22395
14130
1083
29696
3523
31799
22738
31110
10378
2575
29694
15401
32115
10532
24721
12095
14086
3116
12150
25816
4262
27728
13124
11006
3778
12430
6674
3643
1871
9308
22926
25948
3701
398
8521
19061
7048
20857
18261
9509
31291
26969
25362
10779
23568
1520
2629
29657
7699
19056
25706
6328
5832
9883
2124
25133
98
26665
22482
2378
21301
31594
19996
7304
9326
7980
29646
29379
23810
4063
28076
20358
23780
28151
22888
7305
24187
25490
27831
23672
11859
19803
2730
15094
2835
27310
17212
24034
16815
22781
28968
23513
23006
24178
27133
31740
26319
18389
29811
8947
20503
23985
30976
4402
9967
13490
8359
22138
23452
23890
22033
7843
26414
14004
23774
15258
15725
26832
29501
4262
6929
18897
12730
17135
1073
12987
7512
21312
1790
1873
8160
1292
5809
30006
23160
13999
4802
11858
1655
3831
20059
8823
22648
9187
11276
31813
6574
32426
8640
25931
27511
8447
14576
21870
26931
28564
24342
29071
7254
9693
6757
15720
30396
14102
30391
9399
18237
16519
16071
8095
23682
28935
21920
30283
18966
2495
17493
26580
960
23600
20467
14437
17169
27000
11188
27293
27449
1744
7029
10292
24351
11098
6762
7650
32176
19226
23057
20092
14454
25409
11620
8545
30829
7090
13395
12308
17683
8639
23409
5930
25023
8243
1006
20071
21811
30870
26565
19492
3956
8620
3638
30707
8666
20287
25719
12422
15715
18206
20135
26829
27468
1894
17667
8287
13283
8704
20828
15131
10135
29035
201
31759
32337
2748
7577
10137
16647
4323
17803
4299
12686
19759
12354
5652
25775
12565
14835
20765
17022
9517
1633
32242
24807
18813
20491
23906
27786
2810
14243
5800
5065
12876
10179
23627
10270
20434
8412
22594
27058
10470
367
9052
12588
2658
7807
19423
27591
9314
16454
12143
7592
21324
22311
11314
24174
31246
31972
27954
1034
20903
5649
22019
28625
20969
10184
20901
12751
6013
13727
2219
30303
27431
15319
17053
29177
20043
6614
30364
16202
12465
215
20292
25482
13189
15073
9687
27914
7586
24053
14487
24588
25872
16268
8307
26072
29130
15425
18918
29196
32197
10186
29981
21044
13871
31020
344
23450
500
1839
1938
11104
4487
26896
2148
11467
7135
20343
12583
23010
27840
27048
31833
27192
10299
11005
12609
25606
26488
1172
1750
17276
4787
26437
28126
11353
7301
8663
18003
22970
613
28531
1034
16431
13934
19032
1687
5652
22115
22225
10347
13855
21488
31332
18751
4149
29234
29517
22454
7298
15482
1067
7741
1224
23118
2040
22326
30711
25777
574
19543
23551
8357
32648
1356
20962
17133
23063
18852
16397
8471
14039
31210
22248
29626
20114
1042
17324
3581
22370
30488
1397
11864
8812
31203
6296
19615
16843
10607
27702
2364
19147
8747
22033
8635
2136
14496
30879
3725
12726
9556
20317
11781
31090
10222
21862
8359
2200
26010
31300
15010
14886
1711
22790
11931
10945
22416
26002
21932
28839
28880
1085
14509
4069
10905
16281
16050
32458
24398
4238
9428
20123
16751
27821
9013
19592
18621
3776
25406
11999
31391
11686
11051
8832
4549
5470
25290
19601
18699
22113
21887
5234
19872
32565
21900
18931
7271
5183
9359
31685
20125
14809
17740
4655
6589
17572
6829
514
1696
9247
30727
11215
9193
23417
1695
15191
14240
31908
9325
6979
13341
22955
8224
20758
29736
24645
30306
21855
606
21418
29788
15411
28631
22693
25469
16858
32261
2027
8823
4041
8159
31403
20363
19920
5695
1382
26631
21397
11145
5377
269
3649
21134
25113
32149
28281
11440
28310
26037
29328
15174
387
17185
8443
16450
5405
9966
1797
4625
27433
15515
4036
26306
15243
3665
18251
23147
12565
24170
24097
13512
10397
14897
242
12838
26194
10728
22661
21375
13648
8720
17902
31207
9585
6628
12037
20774
23398
27431
28438
19879
9991
24351
16346
16785
21480
3298
11942
19763
26669
27856
29155
11941
17823
17761
12990
13484
24831
21793
7968
22751
922
24056
22497
17672
19229
30127
3897
18381
23467
16304
27511
31888
30765
29709
501
10899
29929
22468
32331
8032
14423
2626
18883
2152
15919
19493
18189
4074
20679
9030
30260
16662
27804
32759
5329
30579
558
18313
3711
23934
2578
26642
20878
16020
8002
22892
23548
12305
5047
12161
5280
21946
13114
8646
17577
17752
10359
11270
17735
19878
14419
11361
13736
9325
18303
8852
19750
16366
24141
29819
7615
24448
7875
23508
23237
1914
24815
24901
30678
29779
27001
2209
13327
18696
28287
4711
25981
31934
24220
30347
6356
19369
7754
31865
22884
12076
12139
5208
13640
8514
30498
21899
20961
12060
5607
18046
9347
7948
1499
20895
9069
11681
29528
2986
767
9748
973
12074
21287
23010
32457
28989
4381
15291
3413
5015
336
8603
903
22473
26016
29239
26708
14275
25549
16794
12198
1944
12335
8464
23214
25730
20648
9795
29308
5414
3032
28068
4301
16153
22671
7180
27428
5538
24968
9123
5148
26050
29012
20482
26364
9073
23188
23956
20876
23595
12395
8258
28711
12971
25395
32079
12306
18423
5487
15488
27660
13724
15617
29825
14118
32059
25758
5764
18901
4420
8574
23851
17734
23298
4440
8872
16625
25048
29837
25123
22129
30666
14500
26715
8083
3902
1782
30609
23213
7684
11178
25250
10545
12693
26852
25459
7297
6296
2618
12433
1285
17835
19560
5657
14204
20319
27972
5590
15503
12676
30708
21162
7852
13224
8542
19247
18961
6362
18656
10141
13095
31924
28993
7919
14098
408
17896
14145
27270
13369
76
25981
19164
18525
16812
20534
1381
4834
13568
14804
18686
25855
3375
22002
21988
11469
13186
3588
16330
32518
14937
31037
5673
28172
26653
2992
26328
21037
28277
16565
20188
26405
8637
17550
3457
25316
17588
24906
19882
27026
15476
13034
6501
721
16552
26307
11202
29762
23545
2595
5350
9546
20681
11319
25691
28694
13860
22316
19882
988
24819
9365
31532
15460
28019
28941
797
4808
31974
29469
13042
2936
31625
14688
9452
17792
709
21476
21486
3854
11177
11476
8588
9006
26008
21588
612
29913
9535
17325
17585
11054
32714
23466
9501
13055
1624
8770
9687
2447
30124
886
23526
9370
3621
6525
9917
7062
10224
16415
1551
30265
22396
30559
484
17467
13870
22876
22765
25181
9047
10105
26900
4266
4451
12988
1624
15869
13139
9076
13272
11459
7789
25631
29485
21762
13361
13194
7677
10139
26768
8762
32205
5836
14425
32523
5655
2040
25588
30487
21661
4779
16978
27865
7164
12505
16420
19091
23684
17510
24395
21484
12103
5611
19088
15070
10096
12472
20886
31695
19927
16405
24844
17662
31442
20942
19239
27937
589
8686
29776
15693
26141
21450
14362
4629
657
15425
6774
6134
26954
8515
6442
9971
24141
4752
12671
380
11095
16322
28218
31380
15729
28558
4558
18227
16579
31815
12496
32489
11949
31139
20651
4037
532
26562
24213
10613
1530
5996
4802
25518
29266
9115
5079
9167
19218
9273
28321
1473
13705
32298
13831
19489
14323
29837
24381
7073
5963
24383
11835
1451
18272
10913
18030
9800
8491
1180
13229
22849
21344
23266
32622
19076
16707
3702
9786
26056
17341
110
350
26996
175
23544
30948
8381
19590
16795
4545
2319
18960
14271
11344
26287
15502
1136
1791
3230
16394
21599
22857
23488
23530
21289
6884
15677
9158
6364
19259
7208
23159
4280
19742
8799
19312
15666
10936
15538
20050
32063
21954
10823
10426
14030
14327
6972
16989
2710
10184
8847
24408
29971
5456
32571
21697
203
906
164
27522
28118
8642
2613
25959
29341
6473
31304
22645
31202
25453
30790
21630
513
15272
28175
1778
373
536
12444
20728
29853
8751
7139
957
30912
20908
9722
14092
6224
15306
11648
28192
11371
27831
1849
32438
30631
4423
3832
28262
24079
24298
16322
14898
24169
14300
5936
15456
12475
24475
18453
9349
11789
21406
97
13795
25967
7236
17989
16372
574
10763
12440
1351
26532
4866
32378
1163
9566
17537
21047
22506
10690
32023
4974
7832
21760
8900
15474
9387
20904
18792
5872
15661
22124
32124
11218
623
13608
9984
27236
28833
23327
6324
19125
3744
9863
8075
28481
6415
13641
9821
2508
25513
4354
16860
1937
25813
23629
14537
18588
8059
25924
23656
26229
24343
16708
17713
19966
31244
22001
18376
12446
3642
29562
13871
4255
27602
25631
16699
27861
8809
5360
3652
20353
25676
15319
21793
17524
13332
7896
6739
31352
4218
24728
22913
5099
4716
30236
13349
27309
12640
10708
30852
19261
8680
20440
5347
27422
646
3953
19192
7808
19138
26075
14239
4380
12411
17993
718
1632
30587
31530
19403
25804
24398
11435
9628
4252
9043
12413
14272
22951
16659
1752
22300
135
30930
10432
11064
5882
15460
2951
13227
16264
66
32147
16852
4198
8925
16481
15051
7579
24114
970
13719
28257
30623
9861
18850
25038
8693
24558
8554
18099
17870
14085
9592
10949
9249
27322
21398
9466
1811
12136
5693
7990
29968
26015
12365
25383
6683
11814
4352
28269
23394
32576
9249
20991
18710
7983
29305
8394
25209
10231
9867
12699
24633
30820
18817
14398
30972
13902
19557
31208
21564
17948
12692
8402
8021
23431
27248
29479
30940
1953
15702
28960
9779
26645
18384
7789
18266
23472
28939
31448
32008
24608
24715
28197
13563
31996
19741
11068
4236
24581
14349
20106
6534
3756
26778
15268
14648
20692
15271
32301
9673
14552
7091
12795
14796
27856
13579
13941
27156
5392
14910
12607
19914
5106
19666
9242
27836
27350
24117
6661
18424
28774
7414
12200
20634
15391
16949
31475
16610
27405
21337
5635
2954
8661
11265
20805
21846
28665
25660
20701
11500
30808
26364
6473
29926
756
19656
20289
13350
23544
20146
12002
16489
9210
25993
32268
30495
30077
26959
32265
30843
954
17645
8303
6342
5792
4646
839
31736
2073
12746
30830
3977
9871
13356
7228
22149
8367
9685
16228
15327
24172
5242
10267
24327
27463
24620
28285
3774
21966
11471
30764
26154
10339
1997
22330
16421
24383
5644
4169
29915
32695
24093
3056
5524
13501
694
14177
6862
5289
354
6217
14479
29754
18807
22520
19705
27351
16200
2498
7455
27675
32669
12453
21527
6801
30560
18476
30801
14268
9113
21650
19238
21851
3485
15915
18100
11242
22401
31744
11754
14956
27861
20921
25311
4968
11151
9409
30568
31538
6470
11428
11241
15211
30881
700
20587
20427
21262
21772
15343
20510
19127
16492
19970
15245
18610
5607
11922
2335
23415
3937
16384
8576
22936
14204
30582
9728
7340
2237
3963
10462
26764
2027
18629
15047
21187
23992
11598
29082
15935
13220
2474
19566
16205
22557
4247
6358
31684
28139
23766
15716
23423
10955
17721
3435
7441
26970
14078
2569
8885
4661
2651
13413
2948
8287
1370
21814
27883
17635
231
23941
16475
28090
25639
17587
22850
13294
27148
1981
30523
29952
25895
11711
18561
7048
30141
30135
28842
23323
26140
4492
26514
25457
8495
4687
17557
20167
30545
27072
18945
20355
9567
9492
17610
24855
21009
17653
5248
39
30090
22219
28543
11758
24365
13114
14182
17118
19891
1515
29130
21638
19834
656
14635
12985
20768
27426
14886
16365
14417
19309
4333
10465
14557
3535
6901
16259
24078
19773
4334
32016
4664
2182
31992
28541
26257
6876
24852
5654
3395
7568
8664
29029
14784
5917
2408
19029
23382
7016
30369
29847
26115
16710
3223
4165
7562
4415
30274
3781
5830
20882
4724
32497
25407
21368
7182
25716
6907
9645
8820
7799
14487
20525
26174
8574
31638
32059
28209
2188
17656
13224
26733
16782
8718
1618
11239
22774
31118
23787
28186
10407
3811
14844
250
28177
20422
8745
11562
2973
8210
2230
31854
31051
6100
25930
2147
10393
26530
22259
8558
24488
22319
30827
25074
20378
4636
18842
454
27198
14096
21083
32230
15087
23818
25219
26728
18105
758
4896
29874
14270
7551
27902
5099
22488
14117
22640
13743
7808
22159
14924
263
21999
7970
25144
6552
7042
24530
11812
17690
16227
1080
1816
1292
18278
7141
6960
30886
6449
27639
30949
6928
4000
16106
28557
12753
32616
26288
22821
32650
28410
9475
12623
3812
1450
28154
7575
10695
30224
14554
19194
20685
26542
21295
17577
18166
9172
27164
10250
1437
2497
15856
23040
11434
3595
13305
8556
17162
18753
15005
19188
23388
22990
13222
14851
28909
7456
22750
2832
4327
1034
20188
11044
9157
1639
23069
2198
27402
31233
27223
16665
1843
20657
28681
28922
6634
455
12375
1954
22652
8875
2837
17762
8845
29381
26402
18032
28939
24219
14583
16172
12640
15929
22399
19880
24812
21206
4906
1128
31922
18356
17213
4710
6481
14920
15724
11353
14135
3483
27562
6967
10001
3312
29760
5113
4741
8615
10268
15518
32036
8289
11116
626
20890
29029
3180
9616
20264
6211
15484
7590
27477
24247
8054
15352
31712
9935
9534
11944
15608
10320
8603
18740
1967
7511
22085
13888
19629
8764
25407
30358
10017
19643
4454
20843
7166
15958
11083
6628
22883
13813
22590
28120
2650
25808
11691
20952
4806
2702
27306
20076
18327
7342
4561
29344
30528
32039
21836
24511
22123
1099
2352
16991
9451
25073
4109
23709
7922
6611
30147
1450
3716
7989
11414
17031
4395
21448
8324
23564
26093
28109
5333
5679
22395
2429
32757
27779
5803
27049
22911
30719
6440
11166
3738
25089
20584
29259
4232
2194
19679
19622
12668
14316
8563
23371
17324
7482
6959
31078
11944
22174
8507
27860
28394
17528
20748
24965
13230
32742
10968
13349
3844
6791
25165
20475
27683
2949
10114
9233
16384
28114
31790
29589
10271
29617
26904
1407
27561
13177
10190
30580
4800
12693
5274
14314
2063
19408
31922
27534
30885
27088
7343
16866
26115
5855
25408
32043
7795
26866
19488
12682
3996
22755
26437
32617
10068
28674
24667
19736
14005
28364
6768
17336
2931
20730
13297
4953
13164
21182
1749
16991
7809
23369
31000
3114
4773
28816
12651
4854
9779
6224
1066
26879
13445
19023
11406
13545
194
22502
9764
30048
31479
27836
14973
10236
23402
3284
5927
22375
2091
13258
32733
21697
30955
31065
28923
8259
3345
24353
17973
17699
2059
11175
14727
11448
10210
30366
20079
11487
2578
19045
32091
21917
21144
32464
13149
16902
18764
12587
31270
28765
24945
32124
23602
25980
24459
23817
22848
8054
4464
19994
32517
7036
19618
10496
31265
29437
9948
18006
13138
21521
7403
23175
19688
22808
7103
10897
5241
926
8130
32264
15573
24195
24169
29277
29756
2904
11784
4960
10959
16139
8170
23812
7493
29127
161
2658
30687
17942
12955
22017
9630
27465
5878
3925
8115
32537
30869
10629
20791
12942
11636
10098
25372
13856
25144
2292
1124
12573
17419
7526
656
18506
31910
24422
18012
30669
13487
15830
2217
17482
4166
30246
21435
1869
23003
25558
9380
23272
20290
26934
16640
26781
17673
21873
5347
8061
5129
27593
11536
5522
1339
28708
8556
6267
12237
23752
946
12630
32117
9571
9831
8163
18694
11086
20497
4325
19265
18194
11940
5068
18925
2860
7997
5010
15658
9229
7698
22243
24322
31077
29353
19328
22849
29857
27721
8421
1414
4274
17071
30250
29595
5905
28417
7975
10754
11776
4360
17627
21712
7186
13465
25871
22207
25837
2900
30006
28798
9039
28306
11416
29259
17487
15768
14767
11204
2022
27665
26321
3578
27309
21691
29200
13256
23784
9312
7263
17507
27332
28936
13302
25649
14813
20845
7671
10207
3
2223
9041
15790
22334
6729
1252
16653
4879
23108
6887
27757
31481
19882
903
7505
3648
28478
9425
24228
13553
11370
1490
27984
546
11897
17149
27404
27515
17414
8653
13173
6646
32436
1963
1889
14306
22816
22545
624
24622
30996
32240
3812
4836
25086
9295
19378
21236
11168
25141
6360
20787
4360
24010
15858
18595
27587
10937
24328
28661
28494
26584
13227
9292
14541
24587
13376
12612
1791
12902
12699
23091
11890
17809
2768
2223
7667
2673
30021
17488
1865
20996
2828
22454
35
14989
4976
18126
12110
30706
14798
31314
23083
31586
9895
17551
26209
15930
12018
9067
9167
13354
3511
25510
29381
10388
23513
2400
6771
2868
14900
8668
25505
28678
25063
25219
19361
18020
3827
14636
25474
2927
30982
12698
12167
31665
20113
21574
6871
2049
26144
25183
21366
4518
6635
4880
8820
12735
424
13825
5221
4066
32420
24352
1553
3075
19986
32673
26988
16279
5539
4163
22216
6650
7767
12502
15945
7182
12690
24826
19865
30502
19570
13865
24030
4898
7520
13048
32233
16347
32741
9113
27824
5569
27327
9125
6143
18882
1077
12568
29546
30830
20647
28830
15238
11353
12137
1805
31065
9153
6610
11314
23054
6513
22671
23248
12013
5349
9021
16870
10635
1455
24120
23345
10302
11802
27309
19186
9940
8460
15607
27889
10117
22321
11560
12994
10277
8021
13797
14151
30623
28178
5496
11126
32670
20652
1312
92
22157
1849
31403
29282
11714
2565
10311
22992
28662
32308
11926
25743
9209
23977
13568
7475
26531
22055
23629
25401
5902
9142
16243
14476
29698
27209
30380
2126
25009
21149
20684
19158
2213
28260
14034
10997
30454
10147
28093
4222
4288
16217
10913
13317
25812
8033
11513
8166
14766
921
21311
17034
26280
15940
23994
30181
19821
7085
21400
8259
1967
10510
15932
21061
7453
25263
11993
1574
21903
3410
16960
25667
31620
16079
5878
12507
8911
23036
27018
18195
18317
463
19237
17725
22874
18375
9827
20057
1733
6535
1633
1244
23809
12741
21528
8881
4061
4194
32233
21118
32245
15834
15736
11816
17706
24031
28606
1689
31569
21825
13146
22721
24360
1809
16680
5082
5518
27910
13077
5361
18163
3871
11570
31650
12557
7818
7431
15395
204
14277
809
4740
2193
4099
31503
15156
9883
4561
29985
5320
28609
11513
22290
3832
29287
23975
30320
2794
9643
11978
8569
4276
22751
15293
10801
32284
14140
29991
10161
4769
13268
11552
25026
31936
29129
11925
6826
19568
31933
25581
11078
28399
25993
20716
9561
6080
5938
25560
28708
15093
30745
25051
4919
31914
11121
29353
9094
14802
1782
3938
1727
3638
4316
22714
219
31674
6662
6231
16372
5858
18553
29051
23126
23702
9744
1250
29400
5410
1905
3054
30573
26753
24383
12033
11766
2011
20882
6954
858
4172
7076
6917
20697
2791
9165
14044
2973
11771
17841
8210
4754
17300
11960
27586
3704
22853
24254
24739
6199
7461
8460
23599
6514
3096
4487
4868
7006
21840
552
12426
30677
5907
21676
6614
8358
22718
7309
22478
28976
26122
7472
27790
15919
28558
30816
6155
6101
5253
8443
20470
29213
14802
26091
28388
10076
21057
10584
24235
2328
31760
6172
16911
29470
6062
30072
24990
5327
15298
20229
24536
25787
10863
11501
30867
29297
11222
4698
20382
2708
29149
25135
4773
24882
26927
31735
29268
13906
7045
9498
14015
10444
1827
4695
29442
11102
4005
9582
7204
20475
27643
13085
1858
23910
13747
25934
4841
25344
32118
3471
32707
16095
2262
31682
15478
18975
7495
11542
10441
8061
31850
26422
5129
12321
30098
5056
31403
6844
12417
28664
18226
30931
5490
25790
6739
5723
30301
6845
24151
18309
23926
7910
10690
20699
9462
11037
13618
5516
15391
26417
26761
4
15738
13842
17230
22720
14948
25406
9297
32609
24520
17533
13454
14847
22574
9166
31060
3775
3829
1441
20903
23464
14556
8006
25314
8370
17864
4518
14497
12320
8129
15409
7133
14608
23357
15383
25945
24657
15521
27579
20285
23412
14085
30309
2561
16934
18487
21558
6285
2493
22019
16994
14239
24336
28850
2969
21612
21132
7889
13510
22154
2692
5684
25084
16653
28617
1594
1965
28401
2171
22353
15390
28344
29982
957
15639
16723
17392
28054
32223
70
3706
22032
20840
12040
5478
23040
1222
15272
20112
6043
32229
29366
6496
24960
12924
27233
3414
8953
2877
10461
5862
22909
1871
2568
22151
18298
13309
10316
30215
17490
19632
19655
26657
19875
5914
10921
18001
15820
20405
27102
16615
19373
14956
17646
21851
14254
11159
15905
16096
18946
7469
12262
21819
1581
9269
15477
19926
14275
23166
24756
4880
15475
4240
11863
9688
12101
23522
29004
15738
22816
21838
17494
6584
2703
7105
22776
15133
17092
28471
30356
30094
18398
30695
29908
4386
5223
3514
13641
27956
15905
5122
24658
22966
14850
15721
26944
6855
8573
19495
7607
19080
23811
8825
17495
3372
22474
14158
3740
19279
8397
17219
25091
26249
7444
14801
15471
7234
12085
25285
14282
2760
30747
10225
28911
3230
5382
27426
21960
24088
32467
30802
7859
16676
28286
26654
30507
4971
27365
1658
6564
2713
25550
4515
25270
2808
32300
25941
8062
19524
30110
26175
6978
16571
14137
16820
12371
29299
6535
21923
24632
19184
21967
21705
14088
30966
9879
31525
32280
26780
12136
26284
470
418
4561
26687
28405
8196
21422
24794
2763
31439
31403
32526
19191
27956
259
28849
4166
21979
1934
23764
2264
122
26874
14837
32126
19877
4696
21622
3687
3304
17627
6478
8956
15635
9437
30975
4360
9941
14883
30408
16156
1420
17762
14363
17970
12892
3842
10321
22160
1406
4897
1181
25583
25051
11995
25662
23773
7898
13001
4345
29024
17526
32455
17351
11484
19859
2811
6603
26422
25746
531
21894
20794
20003
20685
16462
8250
30298
20157
16380
7416
21510
25675
29926
6599
5694
20987
29709
5100
20540
31985
29079
1098
5999
25780
28543
9023
18379
9778
17547
9161
25188
12292
3966
10733
14907
3060
27279
89
25431
25020
29467
20808
6168
5905
31127
26278
2249
12512
28104
13684
18804
23000
23350
14447
20986
12840
2526
24044
17506
19594
5927
3335
28018
31872
6935
1532
13180
23005
11719
8661
26491
7560
24852
13638
11359
15229
664
6869
26788
24084
14809
10301
30249
9862
22207
4885
1088
22189
25676
2221
24577
18443
21383
32057
5861
21518
21177
30257
10128
4498
9436
21495
13549
2984
3409
24251
28544
21910
9169
6812
10488
8223
9382
9999
17924
13316
4379
11653
616
30154
13361
9032
15184
22206
24467
25254
13284
22327
29900
24402
2076
32283
3768
31239
16854
27044
24376
14190
17446
23908
5418
24130
237
29063
24217
16562
11437
18265
23344
13575
25755
26376
4853
390
31478
10922
17716
16280
23960
23169
9144
31272
19147
24190
20033
2893
18525
10501
8755
32041
4343
16112
12940
29201
27562
214
31768
22509
8651
6541
10728
27362
1793
13805
32256
19247
18332
27095
12880
10837
28968
26230
26086
21371
26946
26053
27233
4880
18091
28498
1449
16818
16539
23105
31709
30287
10328
12435
30093
9098
8454
22441
5674
9312
2497
8707
22202
31755
19945
11854
30928
19750
4029
14238
9660
19475
24876
15096
3583
12442
32487
5651
7426
27346
16827
863
5383
8005
14878
5959
10079
11855
10760
8883
23773
19143
20740
7890
25228
25569
16006
1558
3741
26195
7807
16000
12707
6327
13359
31005
2051
5937
30522
10961
24485
12881
1791
595
17904
13627
26661
32633
20982
22277
16502
4022
24299
23392
1265
21473
19164
9851
19994
29495
3485
18468
18069
8100
15364
16945
26611
12094
19284
3614
31180
28434
10492
9719
1806
4900
31362
5240
15764
26545
6586
20596
27643
10167
8507
26483
4529
7352
7443
15263
13646
27578
13242
22753
29992
13202
23365
9543
1569
24674
28380
28841
5316
22625
14446
10124
15505
26074
17059
11590
2452
632
1811
8547
14397
26560
19637
5192
10091
2271
19098
28438
12490
22950
25307
4817
23391
1747
2512
29378
7265
914
11650
11801
6731
4163
12643
27863
9775
7806
21053
1003
24397
13908
1641
9371
13540
16600
11841
6950
14920
23519
10455
24744
309
6915
8424
1085
28259
23022
9739
12137
15450
981
26158
18872
8328
29762
6979
32673
18065
21783
311
12464
5606
7632
26660
2277
30105
6152
14023
18775
624
3390
28980
1052
27448
474
6088
20333
26459
8555
29280
13318
31669
16435
7112
23244
420
5605
24951
15794
9310
5549
19321
24541
18568
1905
24748
20743
4612
18007
31535
33
31754
18567
16664
8508
14202
21554
5477
10921
17264
1491
5430
11615
29721
2996
30009
3230
23494
15028
21349
22738
19007
24649
20715
20922
22106
30145
2153
21449
9676
6349
13409
13517
26430
27967
6635
21454
12964
19475
2982
24633
17354
25516
6388
7230
17199
11617
15719
7798
4375
23608
9334
22217
18140
10481
21877
23183
25221
8007
23492
15349
20633
20594
16198
28834
18486
3824
24852
2971
11613
6021
4211
20068
28048
19329
27652
21865
2719
24641
25403
25500
18367
10232
27666
4446
11484
22448
16639
25251
21552
28299
15139
2129
13845
8783
7364
20714
26391
29985
24573
3179
31822
22673
23988
26484
2539
471
24781
424
28688
21340
31133
17239
27109
32637
9634
13915
4840
18571
8049
26175
22148
534
27375
2983
32230
14187
29124
1771
20492
7003
17421
28166
30750
9534
20817
12719
9730
32568
11703
7621
7467
10683
14198
14576
9649
30797
12428
18310
5031
19340
8371
30123
22697
11375
5009
27837
21428
11470
1839
22511
21306
12581
7852
7219
32118
1941
27955
18270
4862
28715
27946
31366
16279
31333
30636
21423
27980
23538
20538
6823
19906
9402
6317
13615
3526
29726
16751
9819
26408
4993
18923
7484
1228
6663
25922
22204
27902
32156
22336
22216
26118
13625
7566
15541
2300
20578
14633
14044
30430
10228
11282
22920
25568
3101
32584
23827
27907
5036
25843
1867
27625
28811
19170
17434
15592
28041
28983
12647
11101
31069
22881
8759
30787
25320
8523
23832
12036
10939
7891
6591
15502
3545
20350
496
31914
11710
28778
14750
12681
31136
21124
12884
6560
15604
16122
19923
6071
30516
32756
5117
8508
24800
24959
32753
26332
16835
16073
10360
27477
31863
28564
18336
31877
29483
10725
26022
17095
10660
11260
11033
23168
18562
17033
7741
11253
26053
32541
20398
30048
13967
13023
14917
15170
3627
384
23103
4858
20047
8305
16284
31639
11422
5715
8134
14571
29041
3759
10867
25824
5079
5607
9676
11024
22235
20844
5583
25231
19461
2098
29426
31243
24355
3937
13321
27160
20296
28494
12137
8645
14614
21673
5966
8563
5689
8696
5498
14311
22068
13635
18975
5533
29792
13841
12799
10847
12081
32660
14290
279
17596
31521
29928
3554
22646
32483
25871
8805
26175
1231
4535
31844
26271
19930
30804
8848
2127
17770
12292
929
8955
14603
4722
2981
18246
14436
27642
9112
4111
12649
30478
20276
6386
7378
9944
23818
15890
20171
1312
23762
2326
16365
10097
20480
28530
25197
32631
18584
17896
22419
2732
27202
3406
6510
9524
417
31889
27847
1028
9697
27642
12115
6730
6287
1456
22060
28169
22446
24447
12418
8196
5639
25047
17038
10974
3520
8216
19656
7551
24880
1548
21338
21690
32242
32437
14804
30764
13880
30794
18209
15975
1122
27004
9658
15440
11472
15357
13337
17349
12788
16451
14705
5507
20139
3722
21148
27207
27341
31000
11093
5940
15874
29636
22439
20853
5336
5305
24997
21795
27667
4728
24412
29545
22085
25372
9478
19430
24478
24802
26497
13650
25604
6120
25343
6501
2918
8501
23038
18420
24654
12026
123
1374
13494
11799
10082
22566
18717
8417
15434
23009
27098
5923
29023
3923
30383
26467
8607
3029
2209
3430
17738
25593
10759
20982
2707
13169
21730
8162
26268
14893
11116
10823
12961
21700
7924
18446
10612
21525
30952
10422
22825
30766
31284
18003
23826
4717
1226
14551
29678
4836
898
20113
18013
1282
1061
3571
29079
16240
14276
1176
10846
19258
19791
1926
3121
17967
23139
18608
26819
17546
18018
26047
11179
30162
27593
21521
9821
4350
25534
19970
22617
19421
12265
9579
1954
25013
13957
8041
15730
27947
17591
15712
31532
6498
2846
5951
15250
28263
18603
11013
5176
15565
6067
17796
2872
27796
4418
26724
29992
13136
15027
20844
28489
30086
29053
1789
18945
22362
18768
3551
30604
16487
4193
11329
21230
22255
28162
24058
21292
13876
20341
24085
32443
25637
5890
27021
13113
19005
16711
8021
5467
13737
29904
8603
15655
8873
12263
23630
29283
22328
2221
5342
3405
4335
13162
10051
20364
18983
17186
5184
18791
23134
22633
17641
7989
30172
12919
10083
17172
20629
22143
2283
30430
26706
16701
20761
10841
14860
22223
614
2478
26264
1221
9197
20509
2698
19067
30830
13038
19795
7079
9880
30891
27564
20782
13960
4236
16696
7228
2189
15923
5476
12179
10542
11673
12179
4899
9838
841
30328
21979
19022
15564
7874
4544
24212
30052
11519
30268
24011
25341
20154
19640
13707
8032
20199
11117
32250
4522
10626
19062
19091
3068
626
12074
30758
29045
947
8618
7200
30813
26292
8374
30989
23715
11518
18373
7259
5770
19479
23380
2401
27039
20646
28542
5536
24558
15575
23757
23112
1397
9729
30544
24318
30681
21895
15341
25052
7768
28924
26617
24761
7679
28042
12038
18347
24093
21140
764
26827
12535
3994
8812
8504
29885
26973
24864
20319
16573
16964
24311
32377
29399
16895
8432
27476
12593
8298
16516
18007
13356
6068
9529
22209
27798
16832
31860
25393
23073
25803
25486
875
9747
29520
30763
16217
22080
17192
17095
8016
11317
16374
12178
4501
1207
7362
2430
18720
19308
18660
11158
31135
22231
11300
23697
5310
16522
28191
2215
27814
3478
19693
19875
24515
15175
18176
3386
29131
1038
7247
31131
30204
28863
27316
20551
11941
2556
27027
14115
1511
15857
2237
28619
17341
20035
30356
21802
25914
23106
20847
22344
30994
22886
2112
26978
9564
6649
11892
5696
14998
6161
18202
11971
30698
16577
19272
18110
25775
30096
28602
29702
25395
25642
28093
973
24760
1622
21323
6699
18108
24104
7800
28670
4478
17016
10253
8948
12221
20371
8562
19430
4035
20527
10705
20328
32162
12965
15992
7326
14014
24154
2687
20049
22155
32126
22955
25153
152
3834
12947
31421
27597
21667
23553
24178
13041
29108
20891
10881
3694
19835
27587
27348
23385
3666
16059
3249
5037
16593
29965
24463
7127
32578
10538
6185
2424
11605
593
2514
18278
7190
6322
2568
15092
10779
25812
12875
20083
13314
15924
29744
1272
26907
11567
13233
31584
22625
5153
23495
31378
18863
29647
8507
32516
14128
20226
26552
22913
31512
29045
32038
19753
1425
7665
7987
20153
12024
26551
32562
18700
31306
15134
14377
2786
23513
22909
27429
16865
22596
19531
30161
9945
4005
4997
30535
16204
2316
4944
5926
22574
21037
1248
17125
7657
18261
28312
21863
30116
6051
26483
23759
31685
22900
10658
29333
19380
17183
14455
23002
29922
23523
7553
22520
16651
14621
249
31582
12216
7102
8540
17563
19207
509
28250
26040
14766
329
19183
3019
12862
31874
15056
26313
13221
2664
32520
25500
9975
8276
26083
19573
20078
21798
21003
17252
9647
20606
15601
19238
5966
14895
14446
21054
11157
15856
13227
29767
5249
30549
1854
25992
15118
23038
3221
15561
12724
27151
17560
3941
12338
22751
20874
5025
31882
23029
18480
15676
25933
17456
7222
2119
12568
21317
11214
26167
10079
7535
11930
313
5737
4449
3020
18885
31388
4224
23436
630
11003
31055
6042
15897
12013
13866
16180
1028
8512
9272
29242
3753
17517
26267
18320
22634
11294
31209
25284
27311
8173
7136
3312
9014
7023
23381
21730
25515
3953
25710
31355
24441
18561
23825
10581
31711
7857
26012
18088
30278
21143
4567
22127
17618
15256
28199
15302
25911
11111
25860
22679
3534
10952
6316
20597
29928
29594
1305
29384
8802
19476
32305
4139
32633
10063
24126
16146
6368
12036
30877
21424
18192
6808
9402
3864
12512
30549
30012
18850
23637
17915
28540
7312
16827
4471
22332
20209
5364
25330
25238
2502
14609
14093
27186
5988
4639
22635
27068
12825
10563
17265
25749
9746
22282
30537
713
19068
26618
22573
31298
5610
28525
1762
6203
20983
15519
20866
32503
12844
9733
8575
27570
21028
7904
2789
6360
24301
19219
24799
4213
28594
1329
29565
748
20887
2779
23220
30189
19173
17225
29351
24481
6503
21542
27940
551
12308
30881
7282
6980
30701
20161
23370
15446
6185
3832
13859
24202
2448
25084
14771
1871
31013
18642
2738
4363
15879
19243
10977
27660
26265
24564
3915
27585
8417
17449
27594
29738
558
13290
22478
7053
29182
14800
12378
5227
15390
2177
23375
29618
3603
4738
20461
10036
25529
21581
2199
12376
10026
1188
16854
30479
2017
7972
10913
18698
19744
32029
27100
22827
10126
28833
7454
21305
17957
5595
13495
22487
12875
20130
20722
29879
14143
7246
1175
27915
22711
19403
8372
26172
7368
10220
28061
19679
11525
9729
30002
1509
4843
16555
16992
16401
4989
29935
14827
31152
28203
5514
28778
3716
760
26756
8595
25089
9180
17160
11448
31164
5479
6003
14994
7200
680
10667
28734
18274
26701
23986
21381
5304
15115
21627
17504
23494
19777
19196
12219
10841
14296
28548
24442
25688
19053
8527
3002
8184
18098
20056
4441
4654
27409
25454
29112
8042
4243
650
32703
25730
24577
29536
24098
19436
25161
564
13027
817
28706
16623
13337
25758
17651
24178
29167
10557
14577
2090
495
30468
26248
2532
28545
8011
16125
8163
5550
8580
21073
12080
17962
17958
20072
22578
24978
26090
31083
6014
17650
12602
11114
26864
12426
3046
2886
8443
3026
20762
4814
28733
10939
5005
7720
17751
30776
11770
2675
251
10749
14292
10154
12359
24966
12854
459
16721
24156
281
17721
26115
9620
1225
16991
6441
17048
26522
21655
31176
1322
29654
12362
28849
24741
1531
23640
21591
20614
28451
23226
32478
26156
23492
17510
2676
25564
4761
23666
10212
2312
8160
24189
17256
29649
16582
3147
27583
15306
8992
16047
12160
10751
19803
32174
25774
12854
17078
25569
3724
4468
14254
20763
21939
13763
27322
12364
18017
21299
30009
21669
18708
18975
10409
12797
2392
17073
19481
29812
16093
8616
19937
15190
3276
14937
15760
31554
27483
25076
8742
19339
20384
18441
132
8926
1442
14411
9760
18213
28854
10643
3069
29868
9737
15912
26075
130
5497
6461
12715
31267
13481
11707
23365
4179
24660
27201
18525
15693
26593
26217
24755
32285
30520
30030
26251
6475
21205
16715
13149
14521
6682
21765
11469
23246
1002
13739
1501
24276
18803
29308
8290
12447
13131
19850
8885
22384
31935
25022
5546
27673
360
27165
7878
14945
26879
3657
10924
4521
17777
22603
7129
2256
22326
14223
20881
14677
27615
13616
6937
13755
2799
15735
27431
16178
25836
8862
24471
32371
14518
15577
29023
17388
8983
19351
24773
4893
3226
31748
12752
32066
10657
14547
19708
3890
16562
10044
6193
22151
11026
30016
7158
16895
17301
23860
2275
24866
14260
637
12628
18213
28384
2969
19301
5391
31766
7519
3866
28442
19892
7047
1245
24924
3979
21100
6190
30630
29493
28177
17046
3245
21160
25186
25308
5223
24844
10429
5244
26040
24010
30385
6997
18254
32230
20998
14242
17354
32654
9725
30251
2336
7155
15832
20669
22336
19287
18589
13015
16886
3943
18968
13990
18958
14284
7455
11827
4541
21757
27418
19676
12348
19799
15554
1281
26806
18543
2088
28159
18532
25767
24569
18018
28663
27391
10241
26198
3126
29998
29423
13919
16872
14834
27992
32330
4340
29604
31230
8292
29383
5391
25425
5353
14326
16514
17974
14783
26916
13604
6664
19044
12071
9864
31196
5158
1638
12929
4874
14994
16773
26936
23785
8238
8005
7035
32217
18283
30629
25432
391
16341
17486
6891
17516
29581
2093
13684
14487
26873
23138
11948
26541
19642
6233
1114
22062
22494
822
28193
11257
26199
19575
18332
17939
20908
21972
24749
5540
25583
10346
10257
28738
30447
26393
25656
13682
5038
16427
28244
28012
9750
8758
9137
17695
6375
14403
324
2933
28148
28975
7558
5080
9871
5714
29827
8693
4162
13663
14893
17088
18880
24971
9975
14008
5146
4082
29343
20844
17462
4918
29003
29246
26750
31337
1752
31335
30421
22317
25711
25659
5839
12057
17497
24494
23585
7263
6164
6168
1366
25004
23718
1845
4804
30032
2353
31088
18879
18335
19400
10081
30732
18583
2177
2196
2968
28867
20171
17292
21098
20830
14594
24327
30423
28604
27201
6276
3061
28646
7800
1027
15954
21125
190
22796
31973
18945
15336
4338
11844
27369
31066
14937
17944
15254
16925
9718
20174
26379
30258
20630
15248
5920
20006
11874
5748
14816
6887
15201
24307
13871
14294
30014
11420
21424
25373
8780
27145
23013
28739
2503
15379
10904
2302
349
26946
23418
28744
29676
21895
4875
31668
17806
26158
11449
14083
14547
25102
26700
26098
14669
8707
10369
22615
12114
9630
1269
17516
16637
24602
13125
7019
9334
20882
2932
3163
26483
16498
11149
10537
20479
10028
32393
25082
14971
10796
10866
19136
6370
10765
10697
24331
30545
17933
5158
14371
10694
25278
23070
26963
1831
2303
30825
30343
21895
12587
26180
6426
19366
20112
17173
18153
19382
12067
1870
12204
15205
881
15507
9350
7447
8921
287
7642
20083
24569
23140
21345
4130
358
6897
6777
15059
12960
24473
32448
17795
325
26578
18658
251
14980
19803
26543
11418
15573
24354
28529
18516
4583
9060
9084
18427
25818
17686
15878
3005
10415
28804
27193
16879
765
25400
9351
5641
20197
13085
30014
20721
19527
4324
14684
20092
20278
2471
28068
27698
938
3020
12273
21841
6517
13101
27339
20501
27769
8309
24376
28727
32023
24525
212
21171
19691
8889
22564
18127
29622
20796
24360
2137
155
13891
3119
28464
31631
19265
32495
14342
6923
26390
981
19043
515
21557
24986
8173
6684
4614
9495
12520
24090
17801
24410
2553
10391
7485
2553
28463
23291
11328
1446
12355
28840
183
26372
4639
21109
31088
1466
29086
32350
7878
453
915
22394
709
13074
22028
12845
27791
14156
30424
28830
21246
4595
25414
17259
27275
4782
9520
25244
19055
30178
16696
21206
27912
29571
23122
2769
3965
12330
11907
3340
13477
17512
20712
18880
20261
20059
17657
23826
22233
16766
24335
32140
19830
26821
3620
11982
30317
20202
29402
3201
17938
257
26559
16781
19453
24403
24272
32652
7344
28777
14396
2686
32379
27239
30314
11454
23965
26268
29500
10037
19372
29526
31382
29133
3639
30715
28186
24616
169
8021
22070
32403
19824
15406
1121
15157
16991
23581
10913
12172
17489
31903
3153
7707
9744
5737
11297
30812
26229
29437
7006
252
6608
124
20084
24135
649
6075
6833
12514
7432
26776
16715
696
8915
143
11173
8758
18678
8072
15566
15803
15784
20211
23626
21322
10539
28439
7702
18563
13812
11943
11238
16081
25612
8343
21425
30692
11190
25645
24431
24162
13138
4955
6690
1753
7297
27468
9747
15609
11402
25405
2142
28928
21501
9614
3504
6517
22934
7961
27728
23833
11363
6338
18268
6427
8489
3919
30550
6027
7941
15739
15327
2577
32591
3141
15041
7391
9411
23950
28723
13796
3555
25827
29785
13378
26263
664
14859
17411
23831
21782
10967
6663
15882
29813
17481
11329
7152
3150
6761
14884
1469
18378
25478
14679
4294
17407
28978
31408
14817
31869
14990
7008
25032
26147
23496
5739
26815
11320
12001
2652
11639
17335
25012
1846
29489
18665
11572
30893
29478
23353
4597
150
7463
27461
15854
21917
19329
12081
32637
31286
28195
12608
27051
24534
28931
11429
3506
19042
25021
11414
28092
2024
6269
8611
3310
20621
26656
24902
16549
25286
6550
17339
9983
12235
13963
21521
26270
11337
26438
18050
7080
6487
26577
10496
5650
22956
22618
528
19743
9999
27865
20955
11299
15374
16371
10626
7309
17907
19742
19635
28964
13044
22023
4474
5777
12458
14129
29273
11550
28357
28638
1690
28605
31229
24882
21732
3148
17228
2198
13325
20759
10074
14683
11823
21407
2617
6559
6654
29850
23378
26229
24152
25914
5535
17216
5150
4530
4123
6240
31299
5367
12919
17681
28706
6595
25103
10383
27157
19680
15132
18047
5187
17571
27179
2698
6073
439
14798
28491
13757
27931
10385
3179
11614
30574
6959
20490
8016
15723
32518
26465
25591
21936
28873
6822
1986
11203
15221
8240
25018
3158
17286
10972
30811
18122
12906
14255
10402
2035
30262
24253
17255
21019
27032
11081
5357
13897
14348
16173
2744
12995
21075
17789
27550
23249
1826
30823
22049
11204
5143
15965
30972
13111
17136
8823
14844
27285
26367
11282
16145
27611
20185
22974
3493
25503
32335
17239
13356
25682
17567
10097
12797
32450
747
26617
4448
17378
14057
14874
26600
5070
7645
3422
12547
24074
964
28182
14031
14090
4818
26363
32047
26360
14111
9749
25375
21937
27294
26844
28228
30737
32078
29598
29895
8816
11700
6176
6500
25708
9608
3976
19902
20969
11951
11130
20214
23895
13417
8834
20603
10036
25804
31666
18724
26321
1649
23948
5756
20568
22125
17442
27229
7182
642
25211
14016
4822
5015
13113
3027
17399
23654
31865
7244
18462
16501
19195
23549
13735
26439
10371
27817
10776
12243
4478
19735
3310
30773
28137
32356
28573
3492
4463
5021
11986
22692
1745
24462
14587
6524
10891
13524
7689
18667
22709
27706
19572
28951
12839
9538
8064
4806
15584
29953
8896
27344
25513
30512
11992
11221
6389
30081
17286
43
8460
6447
17124
26650
18280
23257
29159
18508
863
9360
25132
15487
20483
23087
10484
637
15175
15338
1901
4430
28771
22314
26675
12460
16761
31129
22038
9399
29816
23160
20510
16874
22337
28217
7884
32078
24328
6218
3747
19693
22269
12079
13287
27786
25132
1747
7077
23183
21666
29984
3571
8519
10194
1229
17785
16461
3639
19063
16432
19013
27194
4084
3434
2761
11349
18916
15635
18598
23673
2952
21558
30793
21165
27864
27330
29300
25337
5839
22159
822
130
27146
1948
25881
7158
29585
31131
31901
16682
9205
24239
26597
14338
31899
26484
14001
11410
10071
19520
24204
8834
11324
31656
16199
14263
14771
4678
19365
31279
13003
32698
10840
21805
30672
31983
25388
22935
7455
14240
27779
26012
1080
22298
11521
28569
2837
15939
17800
30782
17851
11995
14183
26605
30222
12802
15054
23394
13801
27130
22918
9113
1902
12591
8670
31980
16283
10868
1513
16765
32542
9872
15078
6867
11627
761
11520
30408
10763
26079
23352
17314
10295
31596
12191
14208
26789
6219
10184
9976
17826
25959
24957
12030
17761
30965
24497
13831
9875
180
7094
2159
6967
24947
14000
5144
9652
28629
24394
1877
19493
9809
16295
22278
5620
31868
1948
28676
1962
17291
26396
6079
4357
11283
3315
16421
8524
22804
32183
21190
21983
9270
22268
14134
30482
30546
21192
6323
14139
24372
8007
12040
26634
15264
24255
3761
6681
12434
25541
17472
23236
15562
32178
16128
1083
6536
26961
20183
21461
18325
14810
14705
15016
28034
20004
10906
7254
27444
9750
1004
28713
18081
11359
20395
30819
21972
18534
23277
975
18999
19588
15102
28060
273
5234
16898
20331
15694
26621
9948
6567
11903
30209
25679
1557
26913
31636
4963
6316
13346
27522
17675
8870
20385
10746
7940
31703
6390
12422
16384
26174
12274
11840
12036
20442
359
30788
23055
26302
23275
24161
26620
13160
27610
14356
25001
11599
22426
15798
30297
32187
15651
500
24407
25817
22462
8064
9949
29967
7436
28422
22067
6285
31819
22882
20251
5413
8917
6672
21613
604
27113
1507
1535
26049
20910
10746
21447
27005
11637
22257
11332
24876
25919
27732
27161
4331
28799
30809
17660
27314
28193
32718
18894
13797
32202
592
7691
21797
15970
3774
4709
7788
5584
31725
18604
31065
9732
6557
28913
14280
4923
28076
25067
23718
32638
20874
4250
17668
24428
1005
11049
26473
3130
710
23321
7533
14072
16755
29340
11139
8470
3894
2367
31511
15910
16870
19404
15065
8931
30948
879
22872
25971
3153
6167
3538
21225
31870
4639
25418
7694
30116
24366
31196
27489
15318
24156
29262
24156
4915
30614
14311
3065
30816
16963
7300
30325
15670
32551
31464
30292
23991
27016
21332
13477
8519
9104
5719
6791
23577
16883
4584
23020
25831
15058
13490
29597
4838
15326
7087
24191
22521
11200
7672
13332
19236
23225
19164
1604
14148
9861
3631
16990
510
5510
28388
17754
32502
11550
7135
1377
833
1885
15108
29839
19740
27612
11924
247
5086
28648
17593
21991
21547
25059
1375
17006
11371
1000
4678
26908
23930
22958
19797
7433
17313
3503
14642
4120
23494
12681
18447
13949
10463
23972
3271
893
3501
29717
553
25461
28326
2754
23699
5918
12339
16583
6596
21519
25883
793
17131
20100
16703
1129
5379
4189
9353
27724
867
16746
21023
408
18577
17637
10204
21521
31064
20544
27136
10565
19994
24354
30502
12468
5735
10412
30839
17204
2765
31232
25118
12692
28914
6660
22523
26240
17889
6755
19100
24484
25250
14805
24681
16917
20237
15265
32542
3564
14047
22624
2431
13620
13582
11267
9543
6662
26970
17687
7521
14322
3109
14664
13402
31905
29828
25380
31511
5049
17558
11554
32707
10753
12309
3555
26892
27590
4394
6583
20879
17021
16262
19811
30608
5545
23982
30242
5359
4863
4246
23273
29527
16840
21874
2799
4281
25992
27081
30061
26617
29661
31179
11938
12775
8617
2276
1563
12912
19315
18577
21041
26134
15627
20851
5331
9117
7277
29346
23942
1543
31720
2883
3241
12995
22400
8797
23550
20514
400
12520
20582
16394
17076
21031
30956
29422
12517
20024
7941
26365
486
13034
19478
10138
23776
28366
18487
24845
28489
8849
30263
23672
18697
7304
12512
30732
17376
12941
3452
28540
31234
28170
10136
2226
4101
15955
23047
30914
22013
9529
2346
5404
998
4572
25199
9477
5442
24000
13592
26440
2050
8227
18494
8232
682
19342
21013
17306
9649
18859
29809
4017
3110
2390
25225
11098
16282
13046
5115
7497
9017
30478
10513
12083
6714
11023
25667
4414
28026
10353
23805
20918
13411
8705
20386
32001
17683
25469
11984
31189
28602
12126
23014
30120
2372
12021
7363
30056
2361
10425
23761
24173
16097
28896
5955
2988
25003
18476
5274
17197
207
7432
30062
8127
5683
25299
31851
17130
16524
29564
14746
25381
26821
12111
31457
2633
22180
20238
9678
6214
30891
7236
24208
24084
25404
982
8262
25837
19201
14043
10877
13754
32395
19885
26611
13515
9017
8512
12961
26058
14684
20147
6393
11250
11160
6437
2157
23164
28046
7626
304
10586
28087
3646
14144
25128
24211
25881
17572
22880
6916
18627
20722
1997
10740
4234
21013
22594
9534
8177
19021
32139
1996
3147
10103
25764
9981
16521
10127
5929
23369
4945
26227
8718
7207
848
30954
21648
4910
3536
14564
27499
27259
21389
9988
31822
23124
32708
1371
13708
14858
9614
3959
17940
6180
1900
29596
419
7609
32035
29009
5432
16670
27594
16670
24521
3010
1057
10645
17204
30549
15140
25999
376
9776
12512
16312
31269
31473
31110
1870
23569
21349
31934
16933
8013
27308
24381
16367
23383
9879
10906
29370
19857
21589
10077
12474
9202
6223
7514
17225
24572
5456
28221
26412
26094
3817
15973
8728
3130
2836
8182
4468
16185
14103
29737
5729
3358
5035
30439
760
11817
11358
10391
11474
23837
24118
2612
2254
5107
29079
24482
13326
208
2918
27714
3651
18229
14703
24004
18731
24949
7684
22844
4440
13933
32487
24184
13362
14191
15211
30097
26431
6783
28117
23233
5282
1218
15368
7284
20706
14643
7010
24482
24045
8088
3041
15963
24413
14261
3722
29860
9209
19647
23307
20353
10367
32019
6303
4691
14241
27176
7730
18020
19277
9410
32198
10433
4913
10601
24341
10824
17535
282
28023
13825
5869
23100
23815
12722
4865
11733
19201
27821
5515
17662
32111
28909
11379
12949
17925
27233
12468
5425
3145
6280
16809
13659
17143
32318
1416
21499
19619
17366
21292
15632
5024
32616
10519
29348
22817
22380
5559
1024
32670
13192
29928
25884
21625
28583
9915
23129
7394
17739
9077
19570
27128
24356
4315
6320
30768
19169
15533
12638
7675
15686
8305
8829
3491
23679
21105
20153
28278
1204
2055
30875
4391
15069
3352
27647
17265
16856
21727
23497
1789
1464
2028
18388
12166
20833
13164
32555
11323
594
32170
4732
101
11969
982
19145
12105
29165
17670
30817
8016
21168
15994
11791
14437
30803
7460
15505
16799
8615
10343
587
16928
4689
18976
25405
26941
27238
22499
32051
16863
7224
391
27707
13608
29807
2276
13148
8282
26715
9947
7557
501
7816
16791
10948
544
26003
22547
23992
23114
3389
18140
32073
24593
21950
18969
7830
14179
26972
24776
2863
28643
5179
30026
22405
4494
11895
28450
15775
23710
27760
4602
4110
16558
2405
19942
22818
20256
69
25837
31326
11452
18113
2502
24618
18073
16038
23519
7624
20033
20842
25764
1417
16656
27140
31229
4417
32477
16641
10776
12024
13277
11989
5226
17890
6595
30831
21488
1938
21548
18960
24251
24938
27707
21596
32427
8790
12160
16306
18299
10426
30239
27065
11773
11432
5166
8507
9383
31319
31326
21559
24911
12496
18910
25649
12339
22763
24444
5325
30780
26746
6670
18588
21636
1476
24592
54
26389
7989
10382
20361
18676
11091
2885
15728
15198
9460
7173
16776
32337
6062
5465
21567
28750
20624
5738
17709
23390
1807
30753
19368
4947
4675
32140
1426
18768
32340
25475
22646
14475
5679
5003
26835
4178
13693
32250
7096
16204
30421
24412
22161
1026
4656
29974
28993
26269
32670
25929
3697
32753
12856
24057
20007
12731
32598
12143
3738
13351
1538
26075
12101
7318
10924
9790
2618
16797
31519
21127
6073
8273
3763
14588
28673
9922
14020
21212
8038
1989
4964
22083
164
31735
24653
8013
4467
5118
3609
13438
30043
18
31670
27234
6858
28861
25620
27248
13924
29918
21536
8500
2202
30964
15606
22446
8574
19353
30290
31733
5845
19277
17736
23839
24686
8565
15158
24165
20147
11939
246
25987
20350
3096
25176
2142
29998
18056
11727
15849
29689
13853
15466
5705
2436
6078
13830
15928
688
19344
26051
20903
21431
23741
12980
16807
30329
13941
4315
20873
784
10803
32340
28484
13994
11074
24784
27416
23704
25471
22341
21105
19874
1376
21476
29198
31134
32565
4684
17250
12097
29614
15869
18747
5684
7070
23823
8097
3946
29950
21284
17153
28594
25397
4251
21131
18568
9367
16902
20952
13105
16683
5086
11728
20999
22193
24182
2251
31761
26083
20014
4598
18134
1276
23529
27641
25203
7031
10689
26326
31724
2841
6137
4372
6592
27185
9778
25630
9920
13087
29922
4070
7968
3347
31491
10701
5071
4631
17416
17095
30724
13904
18965
10426
27930
13440
16495
22312
157
9168
25138
23310
4261
6861
6466
11788
19042
944
4483
19653
30457
1506
3149
3209
2702
10431
2074
29746
10658
5019
4226
7243
6304
3842
19050
23160
18866
11076
4216
15377
31961
12337
13258
5137
9789
14882
13543
8239
3778
10297
2293
2378
25307
16361
16173
17162
9123
10680
6797
3781
11818
11075
29644
9631
19724
17027
30611
19958
2121
1616
5354
24573
10064
28707
12273
32166
6493
29472
27856
454
14341
1108
9968
27252
6160
30779
26732
17073
23686
22917
30146
20303
16396
7449
16847
779
18545
22363
24058
32253
22661
22186
15023
7218
5162
18221
19471
22423
19117
17360
26341
280
23382
30857
27100
5386
18493
14816
1776
11974
27488
13742
16675
24471
499
8485
29297
27863
503
2064
28165
14676
28174
8540
4781
24057
7054
19672
24972
13738
7892
7737
27919
24687
20955
6497
13346
469
10509
993
15779
16017
19032
28604
2070
15719
6789
25454
8603
12106
13509
17196
31774
8901
141
24430
20942
9881
22948
19627
11728
32680
32379
26723
27956
30225
14524
12131
19496
32157
29733
18757
21355
15706
14231
27958
14853
14981
13418
1020
3894
10925
24580
11063
16556
12566
19370
32230
20728
2908
11925
17966
21059
29016
22089
31831
31037
11335
28962
14104
23639
10537
26416
28948
13106
2664
13637
18340
10839
31930
32331
5847
7976
21320
18139
5815
22551
12048
3852
24014
3349
13704
16009
27881
21581
6788
5863
10268
18195
345
8245
24838
29463
31043
17364
22102
27615
6404
2441
19598
4212
32206
10960
9224
22875
12643
28787
4150
17094
15227
3676
21549
9996
25190
29095
10341
7511
24306
13564
11706
12444
1935
12060
