2 1 1
2 3 3
2 5 9
2 7 100
2 9 7
2 11 7
3 11 7
4 9 7
4 10 7
8 10 7
5 9 28
6 9 37
7 9 7
8 9 7
8 10 7
9 9 8
10 9 3
11 9 7
5 7 7
5 9 28
6 9 37
7 9 7
8 9 7
8 10 7
9 9 8
10 9 3
11 9 7
6 7 6
6 9 37
7 9 7
8 9 7
8 10 7
9 9 8
10 9 3
11 9 7
9 7 7
9 9 8
10 9 3
11 9 7
10 7 6
10 9 3
11 9 7
3 5 7
3 11 7
6 3 7
6 7 6
6 9 37
7 9 7
8 9 7
8 10 7
9 9 8
10 9 3
11 9 7
9 7 7
9 9 8
10 9 3
11 9 7
10 7 6
10 9 3
11 9 7
10 3 4
10 7 6
10 9 3
11 9 7
4 1 2
4 6 7
4 9 7
4 10 7
8 10 7
5 9 28
6 9 37
7 9 7
8 9 7
8 10 7
9 9 8
10 9 3
11 9 7
7 6 1
7 9 7
8 9 7
8 10 7
9 9 8
10 9 3
11 9 7
8 6 7
8 9 7
8 10 7
9 9 8
10 9 3
11 9 7
11 6 1
11 9 7
5 1 17
5 7 7
5 9 28
6 9 37
7 9 7
8 9 7
8 10 7
9 9 8
10 9 3
11 9 7
6 7 6
6 9 37
7 9 7
8 9 7
8 10 7
9 9 8
10 9 3
11 9 7
9 7 7
9 9 8
10 9 3
11 9 7
10 7 6
10 9 3
11 9 7
8 1 2
8 6 7
8 9 7
8 10 7
9 9 8
10 9 3
11 9 7
11 6 1
11 9 7
9 1 57
9 7 7
9 9 8
10 9 3
11 9 7
10 7 6
10 9 3
11 9 7
